10 8 8
20 19 10
30 28 10
40 37 12
50 5 6
60 37 12
70 35 12
80 45 12
90 10 8
100 12 8
110 23 10
120 20 10
130 102 14
140 1 2
150 137 16
160 81 14
170 105 14
180 5 6
190 147 16
200 80 14
210 186 16
220 211 16
230 35 12
240 226 16
250 207 16
260 23 10
270 261 18
280 0 0
290 155 16
300 178 16
310 276 18
320 270 18
330 180 16
340 227 16
350 107 14
360 357 18
370 301 18
380 77 14
390 366 18
400 67 14
410 13 8
420 158 16
430 273 18
440 287 18
450 97 14
460 344 18
470 462 18
480 391 18
490 228 16
500 66 14
510 489 18
520 284 18
530 89 14
540 5 6
550 188 16
560 449 18
570 359 18
580 216 16
590 561 20
600 64 14
610 154 16
620 496 18
630 468 18
640 462 18
650 202 16
660 484 18
670 217 16
680 656 20
690 78 14
700 272 18
710 607 20
720 253 16
730 303 18
740 423 18
750 260 18
760 742 20
770 437 18
780 75 14
790 431 18
800 404 18
810 473 18
820 692 20
830 199 16
840 824 20
850 239 16
860 746 20
870 194 16
880 777 20
890 353 18
900 435 18
910 513 20
920 233 16
930 210 16
940 294 18
950 333 18
960 521 20
970 624 20
980 205 16
990 839 20
1000 830 20
1010 937 20
1020 1016 20
1030 349 18
1040 756 20
1050 919 20
1060 287 18
1070 930 20
1080 563 20
1090 752 20
1100 774 20
1110 151 16
1120 862 20
1130 175 16
1140 111 14
1150 119 14
1160 187 16
1170 310 18
1180 740 20
1190 864 20
1200 1168 22
1210 584 20
1220 1137 22
1230 286 18
1240 731 20
1250 708 20
1260 292 18
1270 1130 22
1280 134 16
1290 331 18
1300 435 18
1310 1187 22
1320 120 14
1330 214 16
1340 262 18
1350 976 20
1360 1247 22
1370 1083 22
1380 394 18
1390 378 18
1400 844 20
1410 1134 22
1420 1241 22
1430 777 20
1440 496 18
1450 626 20
1460 1123 22
1470 120 14
1480 1062 22
1490 107 14
1500 80 14
1510 177 16
1520 128 16
1530 933 20
1540 1183 22
1550 1259 22
1560 263 18
1570 1191 22
1580 434 18
1590 1001 20
1600 333 18
1610 522 20
1620 1111 22
1630 544 20
1640 590 20
1650 1369 22
1660 734 20
1670 471 18
1680 662 20
1690 220 16
1700 1252 22
1710 1178 22
1720 1196 22
1730 881 20
1740 1295 22
1750 1186 22
1760 719 20
1770 1078 22
1780 1675 22
1790 1657 22
1800 840 20
1810 1614 22
1820 113 14
1830 115 14
1840 801 20
1850 304 18
1860 587 20
1870 506 18
1880 236 16
1890 1761 22
1900 227 16
1910 1564 22
1920 1511 22
1930 1363 22
1940 939 20
1950 474 18
1960 1326 22
1970 1254 22
1980 1799 22
1990 795 20
